# id	f435w	f555w	f814w	f435w_err	f555w_err	f814w_err	vsini	vsini uperr	vsini loerr	ra	dec
15855	20.671	20.339	19.915	0.005	0.017	0.03	5.999323011	158.0275712	455.1215448	76.87381877	-67.4703684
17260	20.058	19.201	18.166	0.004	0.016	0.013	6.174928339	213.5636208	614.3160614	76.88252462	-67.47026262
17243	22.05	21.698	21.206	0.021	0.004	0.021	4.251860428	441.9242988	1288.192888	76.87640029	-67.46887659
17789	21.51	21.223	20.784	0.008	0.025	0.015	4.599567562	390.544871	1135.707862	76.88236912	-67.46948562
18172	20.67	20.353	19.928	0.003	0.007	0.019	3.325709646	114.4060382	335.6084894	76.8845413	-67.46949483
18340	20.961	20.702	20.389	0.002	0.012	0.012	7.31119808	89.49000094	255.3844204	76.87953315	-67.46808977
18807	22.257	21.889	21.272	0.044	0.038	0.038	5.656894379	624.5771019	1803.067972	76.87231535	-67.46580933
18970	19.564	18.569	17.408	0.001	0.008	0.017	5.309375769	95.03749885	275.0207007	76.88923673	-67.46951938
18946	19.364	18.352	17.232	0.011	0.009	0.017	8.347506417	8.394014146	23.7806607	76.8909316	-67.46994805
18921	19.878	19.038	18.011	0.001	0.005	0.01	4.715120046	137.0400807	398.1970336	76.88936986	-67.46961574
19048	19.973	19.105	18.088	0.004	0.006	0.015	6.911518227	24.0324312	68.77528186	76.8727691	-67.46559751
19182	20.042	19.104	17.992	0.004	0.013	0.008	4.030989876	72.43090139	211.4533396	76.87530548	-67.46601261
19338	20.035	19.171	18.155	0.015	0.011	0.023	9.303968307	13.60626496	38.28694971	76.8821411	-67.46742204
19539	20.111	19.251	18.229	0.01	0.007	0.018	8.570289389	14.71651025	41.62703573	76.88475707	-67.46775816
19556	20.607	20.281	19.745	0.009	0.004	0.047	1.005511536	24782181994	73848170585	76.88706378	-67.46826912
19615	18.835	17.693	16.38	0.006	0.007	0.008	6.564946262	52.51965913	150.6632026	76.88738039	-67.46828234
19907	21	20.738	20.353	0.011	0.017	0.019	5.94520584	220.6166956	635.6178534	76.88555409	-67.46747267
19916	21.551	21.239	20.827	0.02	0.011	0.027	4.895282116	523.458736	1519.126644	76.87470685	-67.46494024
20143	21.821	21.512	21.062	0.004	0.007	0.046	2.275828492	532.3758633	1572.895667	76.87322624	-67.46431343
20304	20.089	19.232	18.222	0.008	0.006	0.013	7.558560926	12.16032869	34.64269436	76.89650462	-67.4695431
20457	19.243	18.22	17.026	0.002	0.01	0.003	5.437645807	95.79011489	276.9528903	76.87921842	-67.46532412
20698	19.849	18.979	17.948	0.006	0.008	0.012	7.513688724	13.23197385	37.70750289	76.89980253	-67.46981717
20878	20.05	19.199	18.179	0.016	0.017	0.024	2.572502625	14301106293	42167526209	76.88158732	-67.46538703
20866	21.639	21.337	20.926	0.019	0.011	0.016	3.133935917	290.7763436	854.1035424	76.87836145	-67.46464338
21012	21.349	21.066	20.678	0.009	0.019	0.019	4.941218343	286.6719612	831.6857084	76.88530645	-67.46608589
21146	22.019	21.735	21.268	0.005	0.018	0.009	8.866269556	129.8218313	366.4447868	76.87882928	-67.46443139
21122	19.897	18.925	17.807	0.009	0.006	0.015	5.720328939	129.0311704	372.3314964	76.89790695	-67.46888823
21256	20.023	19.149	18.122	0.013	0.008	0.016	7.021899717	22.02186193	62.97287967	76.87653414	-67.46377965
21220	20.765	20.549	20.263	0.001	0.003	0.021	4.095298989	187.6586933	547.6057109	76.8823732	-67.46517871
21397	18.693	17.511	16.131	0.007	0.024	0.012	9.233154686	8.505678753	23.94635131	76.87503637	-67.46327329
21456	19.976	19.12	18.099	0.012	0.002	0.014	6.862045299	44.69398065	127.9480996	76.87947587	-67.46424842
21553	21.98	21.55	20.981	0.028	0.005	0.018	5.612592832	219.6937816	634.4203099	76.87721822	-67.46362735
21558	19.082	17.958	16.691	0.003	0.012	0.006	5.111230042	133.5475098	386.9906885	76.8808868	-67.46447744
21672	22.048	21.39	20.444	0.028	0.027	0.005	9.82947716	60.7813439	170.3950551	76.89841194	-67.46843514
21657	18.892	17.727	16.404	0.004	0.011	0.005	8.172611997	16.78443282	47.60984533	76.90163014	-67.46920036
21817	19.833	18.885	17.754	0.004	0.008	0.006	8.344278246	20.55688173	58.23999837	76.89004239	-67.46633773
21921	21.535	21.248	20.832	0.008	0.013	0.02	0.667612744	20170393069	60241858978	76.89566301	-67.46752725
21916	18.58	17.232	15.72	0.006	0.009	0.014	6.26236954	22.286248	64.06744957	76.88341502	-67.46468478
22134	22.255	21.884	21.399	0.008	0.017	0.006	4.998137661	298.4603905	865.546249	76.87310369	-67.46206266
22087	22.044	21.64	21.075	0.005	0.012	0.022	6.109945448	395.9095953	1139.349065	76.89490439	-67.46719329
22126	21.233	20.977	20.61	0.028	0.018	0.011	8.646570462	212.5996849	601.0338916	76.88021265	-67.46372906
22514	21.914	21.535	20.99	0.011	0.008	0.016	4.669110079	357.5812962	1039.35216	76.89772661	-67.46738
22975	19.391	18.398	17.268	0.006	0.008	0.012	4.562307815	116.4391621	338.6928603	76.87993413	-67.46279785
23409	20.004	19.046	17.932	0.007	0.012	0.016	9.066911462	11.80195531	33.26572026	76.90808813	-67.46890701
23450	20.663	19.81	18.784	0.011	0.008	0.013	9.341943783	16.90271518	47.55006125	76.87918811	-67.46215068
23476	21.796	21.497	21.1	0.014	0.002	0.013	5.83073785	513.4935496	1480.599723	76.90167248	-67.4673433
23568	19.213	18.169	16.948	0.006	0.012	0.005	6.833272161	51.10507341	146.3309227	76.88920502	-67.46436002
23505	18.755	17.54	16.127	0.008	0.028	0.003	4.938092025	125.1982019	363.2298008	76.87492981	-67.46110268
23597	20.029	19.187	18.163	0.01	0.014	0.025	5.071729498	103.3461339	299.5555289	76.89346946	-67.46531627
23674	19.916	19.063	18.038	0.018	0.008	0.011	6.312209437	112.4485338	323.1496276	76.88950199	-67.4643045
23675	20.956	20.656	20.235	0.002	0.008	0.016	2.718312497	124.0902879	365.5245402	76.882578	-67.4626937
23645	20.888	20.594	20.193	0.002	0.009	0.007	8.799273638	67.73632558	191.2883675	76.88368956	-67.46298412
23759	20.136	19.136	18.128	0.002	0.012	0.007	3.948755021	188.7922126	551.4667537	76.89363513	-67.46516906
23902	19.105	17.968	16.639	0.009	0.012	0.035	4.861527927	142.8337376	414.6134086	76.88528405	-67.46309168
24056	21.046	20.77	20.389	0.003	0.012	0.011	7.739749929	66.1488626	188.2070747	76.88081933	-67.4618788
24048	20.105	19.257	18.239	0.007	0.01	0.017	5.23290908	110.3878434	319.6105391	76.88356389	-67.46252674
24144	19.511	18.56	17.453	0.004	0.012	0.005	7.52267584	31.45149972	89.62251041	76.90153694	-67.46660408
24140	19.79	18.824	17.668	0.017	0.008	0.021	7.371383606	44.18681361	126.0460818	76.89059308	-67.46406795
24395	21.991	21.551	20.963	0.013	0.041	0.027	2.284878055	307.6651742	908.9359746	76.89740595	-67.46540577
24495	19.124	18.073	16.878	0.01	0.006	0.013	6.215564931	84.18393776	242.0867986	76.90028711	-67.46597823
24580	20.028	19.181	18.155	0.009	0.007	0.015	4.236372986	99.23710541	289.3032084	76.89073102	-67.46365206
24511	21.782	21.415	20.881	0.012	0.023	0.012	5.753506955	267.1253688	770.6379531	76.87628504	-67.46037752
24611	19.822	19.027	18.016	0.011	0.015	0.014	4.932744352	131.2472791	380.7936518	76.89208394	-67.46394182
24651	20.368	19.528	18.472	0.008	0.015	0.018	6.809706403	98.55398802	282.2394896	76.88401212	-67.46203569
24689	20.207	19.394	18.428	0.008	0.01	0.015	7.421634915	14.48841747	41.31469753	76.88293255	-67.46174611
24751	19.021	17.875	16.49	0.009	0.006	0.043	3.627936412	127.8335668	374.2252594	76.89437287	-67.46433713
24748	19.962	19.167	18.196	0.004	0.011	0.005	4.365831168	138.4279711	403.1968504	76.88472192	-67.46209821
24792	19.975	19.134	18.115	0.011	0.014	0.012	6.787876398	64.21930175	183.9396516	76.88714951	-67.46261545
24746	20.055	19.208	18.19	0.006	0.01	0.021	5.351104561	133.3402244	385.7503235	76.8962724	-67.46478813
24816	20.737	20.448	20.083	0.009	0.024	0.032	6.966302735	475.484788	1360.206944	76.87068557	-67.45875818
24953	19.143	18.041	16.807	0.002	0.001	0.005	5.49072738	104.9822936	303.4182978	76.91219256	-67.46827878
24913	20.109	19.273	18.242	0.015	0.012	0.02	6.536482787	78.9373063	226.492472	76.88589602	-67.46220017
25012	19.974	19.146	18.137	0.001	0.01	0.007	4.52124396	91.54172261	266.3475186	76.88365882	-67.46158391
24983	19.902	18.917	17.816	0.005	0.011	0.015	6.102373096	38.57925481	111.0292643	76.8823964	-67.46132094
25077	19.183	18.16	16.962	0.009	0.019	0.003	3.571091674	208.6754409	611.1223401	76.88502274	-67.46183104
25046	19.951	19.113	18.106	0.011	0.012	0.01	3.800585478	113.9884856	333.3009971	76.88698744	-67.46232444
25157	20.65	20.346	19.94	0.01	0.01	0.018	5.48635239	271.6148015	785.0409142	76.87397124	-67.45918241
25301	18.839	17.636	16.27	0.007	0.006	0.029	4.223225097	116.662956	340.1349895	76.89119126	-67.46305685
25225	19.518	18.814	17.912	0.01	0.009	0.01	9.936733665	13.81235255	38.69206427	76.88552125	-67.46180724
25377	21.773	21.468	21.044	0.012	0.006	0.016	9.051043412	117.4104828	330.9777007	76.89280794	-67.46335549
25449	19.89	19.031	18.008	0.012	0.008	0.031	5.58254198	104.0892914	300.6462173	76.89599233	-67.4640373
25471	19.836	18.972	17.932	0.001	0.009	0.01	7.099011533	45.48912955	130.0088316	76.89347214	-67.46343405
25490	21.177	20.893	20.516	0.002	0.006	0.017	5.693569728	493.0837849	1423.103216	76.88452985	-67.46134433
25790	19.954	19.135	18.142	0.009	0.011	0.018	8.54625055	26.84202906	75.93811307	76.88523251	-67.46121907
25851	21.674	21.289	20.752	0.025	0.019	0.007	2.804056112	323.2086313	951.4999912	76.88195845	-67.46040365
25870	20.049	19.223	18.223	0.006	0.011	0.008	4.512342945	80.7010363	234.8200939	76.88263771	-67.460539
26055	20.029	19.184	18.175	0.003	0.01	0.02	8.453671768	12.87873238	36.45874561	76.88868197	-67.46175477
26021	19.944	19.081	18.054	0.013	0.011	0.015	6.302042616	42.19652822	121.2710983	76.89282021	-67.4627495
26412	19.352	18.383	17.211	0.007	0.017	0.013	9.289772649	8.216168717	23.12197936	76.88142494	-67.45974187
26461	19.894	19.059	18.055	0.013	0.009	0.017	9.335091156	15.31654622	43.09001155	76.8941614	-67.46265495
26507	18.453	17.17	15.764	0.006	0.016	0.015	5.490713654	135.2877255	391.0066532	76.87465781	-67.45808848
26771	19.414	18.39	17.17	0.006	0.019	0.012	8.454800328	13.77769905	39.00334326	76.88901936	-67.46118896
26732	19.73	18.846	17.818	0.016	0.005	0.003	9.915144078	10.16487096	28.47888968	76.89069897	-67.46161425
26789	19.067	18.143	17.004	0.006	0.01	0.027	5.879361547	122.1989987	352.2279542	76.88778202	-67.46088556
26767	20.565	19.709	18.681	0.006	0.008	0.011	7.326566373	16.95572383	48.38262678	76.88582983	-67.46044851
26803	20.75	20.211	19.463	0.013	0.018	0.01	5.830698889	111.4637769	321.3930963	76.87769868	-67.45852399
26779	19.59	18.574	17.411	0.007	0.008	0.007	8.394940037	18.83215054	53.33455614	76.88094836	-67.45930706
27009	21.07	20.787	20.406	0.004	0.016	0.003	6.119931067	367.8451685	1058.511764	76.89881124	-67.46325203
26959	19.423	18.439	17.321	0.006	0.003	0.016	2.683232258	123.8077982	364.779293	76.8867108	-67.46046795
26986	21.356	21.067	20.666	0.009	0.038	0.02	5.083901108	322.0050947	933.274443	76.88211679	-67.459383
26992	19.778	18.78	17.65	0.008	0.004	0.014	3.498799486	128.4045856	376.2285189	76.88761163	-67.46065942
27154	21.042	20.81	20.453	0.014	0.018	0.008	0.536494353	89108205473	2.66368E+11	76.88012272	-67.45876278
27127	19.443	18.464	17.342	0.006	0.006	0.007	7.710110158	19.28419787	54.87892781	76.89538509	-67.46234513
27422	20.02	19.714	19.315	0.014	0.003	0.017	1.95998161	20700800612	61290938064	76.90002818	-67.46314099
27677	18.418	17.022	15.497	0.008	0.01	0.022	3.990500257	138.9691339	405.8162743	76.87622353	-67.45735671
27710	20.899	20.636	20.261	0.004	0.011	0.009	9.992988277	52.15218028	146.0334183	76.90314915	-67.46359028
27687	20.823	20.592	20.271	0.007	0.006	0.007	2.810997447	1031.958109	3037.857695	76.88324115	-67.45898153
27709	19.632	18.637	17.448	0.004	0.012	0.024	7.295728529	19.50576241	55.67111228	76.8784184	-67.45783922
27774	19.995	19.148	18.128	0.005	0.006	0.011	5.256472416	291.8017986	844.7284336	76.89048605	-67.46057783
27837	19.741	18.878	17.841	0.002	0.006	0.015	5.296818615	90.38060773	261.5672295	76.90739299	-67.46445015
27859	19.387	18.394	17.24	0.011	0.006	0.017	6.10425711	88.90244066	255.8536549	76.89178848	-67.46079818
28060	18.186	16.61	14.79	0.009	0.006	0.038	7.335853262	41.44210386	118.2460477	76.9026952	-67.46315375
28104	21.296	20.521	19.555	0.014	0.003	0.008	4.178084567	145.2822681	423.7067722	76.89851437	-67.46214212
28126	19.069	18.043	16.836	0.002	0.03	0.01	4.469718531	74.89381373	217.9863559	76.88176907	-67.45822831
28154	19.945	19.096	18.086	0.004	0.008	0.014	7.796931297	23.39176281	66.52760907	76.88889671	-67.45986108
28311	21.287	20.963	20.599	0.017	0.018	0.013	6.041699646	120.8777503	348.0271096	76.87334655	-67.45609878
28381	19.515	19.387	19.181	0.007	0.009	0.022	1.815915119	19503518839	57802221823	76.90954524	-67.46444557
28440	18.588	17.329	15.933	0.002	0.011	0.012	6.745710782	58.44653725	167.454343	76.88208075	-67.45800167
28597	20.061	19.215	18.206	0.009	0.016	0.023	6.367782324	139.7128408	401.3453031	76.8973928	-67.46142781
28659	20.544	19.682	18.645	0.019	0.007	0.011	4.434719362	249.0614338	725.0939501	76.91415086	-67.46527203
28642	20.634	20.366	19.988	0.007	0.006	0.018	7.583984272	154.5783612	440.2886863	76.89965378	-67.46191229
28649	21.22	20.953	20.542	0.009	0.015	0.004	5.484987452	425.0693139	1228.577945	76.89367836	-67.46051966
28724	20.571	19.724	18.698	0.007	0.006	0.016	9.249120268	16.6635644	46.90822698	76.90442204	-67.46294632
28943	21.336	20.526	19.569	0.008	0.02	0.039	9.628738679	27.464719	77.10514496	76.89212028	-67.45988767
28904	20.572	20.372	20.012	0.008	0.006	0.015	3.596291627	251.4971488	736.4023046	76.9009088	-67.46197379
28880	19.832	18.871	17.758	0.014	0.005	0.012	7.101371903	15.47519112	44.22767161	76.89286443	-67.46012291
28975	18.187	16.648	14.987	0.003	0.008	0.028	3.255364508	626.4979607	1838.704298	76.88989326	-67.45933387
29072	20.421	20.104	19.695	0.012	0.012	0.028	4.954764704	650.5976556	1887.321801	76.8845622	-67.45800165
29145	19.778	18.898	17.871	0.007	0.01	0.021	4.57267031	100.322936	291.7939337	76.88198749	-67.4573379
29250	20.032	19.08	17.988	0.01	0.008	0.016	8.731615888	21.3055161	60.19591664	76.88537239	-67.45801914
29213	20.889	20.608	20.231	0.007	0.015	0.017	4.794274112	355.5390582	1032.526141	76.90459471	-67.46253008
29300	19.733	18.858	17.821	0.015	0.011	0.008	5.470459054	117.1185957	338.5419375	76.88219775	-67.45722541
29301	20.187	19.269	18.195	0.006	0.005	0.013	8.701478203	18.31689122	51.76299307	76.89860122	-67.46104054
29509	20.696	20.368	19.924	0.004	0.014	0.007	8.773334094	35.05473896	99.01327814	76.89722012	-67.46051666
29726	20.903	20.611	20.223	0.012	0.008	0.013	6.283125858	121.2814878	348.6039265	76.89273463	-67.45927426
29840	21.081	20.821	20.504	0.011	0.019	0.011	9.410102561	82.27465149	231.3396963	76.88594292	-67.45759647
29824	20.034	19.186	18.173	0.01	0.008	0.015	7.747011277	29.44515214	83.7732179	76.89139682	-67.45887321
29880	19.965	19.125	18.106	0.005	0.016	0.019	5.249703109	152.978346	442.8732201	76.89362417	-67.45935211
29954	20.479	20.215	19.822	0.002	0.014	0.024	5.985022242	313.975234	904.3427267	76.8941373	-67.45939184
29898	21.843	21.532	20.95	0.01	0.02	0.05	6.20979704	383.6355385	1103.260639	76.91082275	-67.463331
29979	19.822	18.988	17.951	0.004	0.007	0.019	6.193970375	126.0920327	362.6558917	76.89044872	-67.45850562
29987	18.777	17.633	16.278	0.004	0.034	0.017	9.129540391	9.415621354	26.52765815	76.89757314	-67.46014658
30011	19.996	19.157	18.138	0.005	0.013	0.008	6.287217666	99.60467002	286.2892852	76.88968058	-67.45828676
30057	20.636	20.365	20	0.014	0.017	0.03	9.823401836	42.3486027	118.7256613	76.89625508	-67.45977045
30017	21.257	21.003	20.641	0.011	0.014	0.005	3.046195609	368.1970209	1082.15906	76.90946376	-67.46287957
30211	19.898	19.044	18.045	0.003	0.009	0.008	4.45250046	100.5888167	292.8090151	76.88947498	-67.45804997
30318	21.416	21.134	20.782	0.012	0.01	0.017	0.959267684	1.42879E+11	4.25895E+11	76.89335808	-67.45885285
30369	21.428	21.123	20.671	0.004	0.013	0.021	9.377086976	196.6746085	553.1391272	76.89285091	-67.4586961
30435	19.262	18.173	16.925	0.003	0.014	0.008	4.815848898	106.3483281	308.8018347	76.89073573	-67.45814836
30494	21.511	21.01	20.276	0.021	0.022	0.025	7.907603644	105.6252287	300.1708372	76.91302916	-67.46327965
30603	21.592	21.296	20.924	0.031	0.01	0.007	7.268191263	229.3606248	654.7411367	76.8982422	-67.45973732
30542	19.895	19.034	18.025	0.002	0.003	0.01	8.779533838	9.714930412	27.43894003	76.88189733	-67.4559926
30675	18.926	17.824	16.528	0.005	0.015	0.015	5.004378339	137.2206978	397.9280077	76.8754762	-67.45436396
31261	21.542	21.246	20.851	0.011	0.021	0.007	5.610870863	379.7469028	1096.626492	76.89651127	-67.45869586
31407	21.527	21.224	20.808	0.021	0.02	0.009	1.266170975	15647322713	46545724421	76.8768567	-67.45398967
31396	19.978	19.124	18.118	0.008	0.008	0.014	6.025864323	61.12787682	176.0166646	76.89310562	-67.45778155
31529	20.74	20.468	20.074	0.007	0.002	0.012	5.575933758	234.0817013	676.1406226	76.8927696	-67.45757416
31587	21.133	20.314	19.342	0.002	0.011	0.002	6.475856729	127.9951119	367.4077755	76.89934113	-67.45902787
31472	18.338	16.989	15.541	0.008	0.017	0.02	5.066233355	158.7262833	460.0959622	76.87548978	-67.45360687
31730	21.429	21.146	20.78	0.016	0.019	0.016	3.794393202	468.6482682	1370.380088	76.89415626	-67.4576703
31815	18.192	16.833	15.299	0.007	0.039	0.06	8.77176009	13.10773051	37.02363419	76.9076071	-67.4607043
32071	18.716	18.694	18.645	0.003	0.005	0.008	6.802650722	82.44944333	236.1308347	76.90268175	-67.45929156
32274	20.806	20.517	20.136	0.012	0.008	0.02	5.433855824	202.2653352	584.8143922	76.8866794	-67.45537334
32320	22.256	21.911	21.413	0.017	0.012	0.013	6.517093976	590.6882517	1695.073338	76.8901909	-67.45614653
32323	19.992	19.171	18.175	0.003	0.008	0.013	4.989709371	105.1202557	304.8703767	76.90273784	-67.45906098
32409	19.209	18.211	17.001	0.009	0.017	0.006	9.397880523	10.51917553	29.58036749	76.89430179	-67.45701116
32451	21.52	21.242	20.819	0.017	0.028	0.01	4.954653789	441.6558999	1281.202658	76.90225419	-67.4588236
32614	19.79	18.916	17.921	0.009	0.006	0.021	5.7845462	87.22127545	251.5731164	76.88630868	-67.45496305
32699	18.558	17.252	15.745	0.003	0.032	0.016	5.862546549	19.60177733	56.50700535	76.90301474	-67.45875921
32814	20.949	20.689	20.321	0.003	0.003	0.011	5.047382613	201.6913555	584.7137978	76.88999859	-67.45560044
32808	21.57	21.279	20.884	0.006	0.016	0.013	7.765885999	230.6181267	656.0352984	76.90779093	-67.45974639
32897	19.895	19.042	18.042	0.007	0.008	0.007	1.058524974	8692373822	25893099571	76.89335681	-67.45630607
32891	18.186	16.582	14.717	0.001	0.012	0.026	4.237705207	180.5756701	526.4224811	76.90039057	-67.45795219
33077	19.794	18.84	17.711	0.004	0.009	0.005	2.841427265	114.7757928	337.8048371	76.90109937	-67.45792471
33088	21.054	20.803	20.433	0.007	0.027	0.011	7.29608107	194.1013324	553.9804162	76.89647564	-67.4568343
33226	20.829	20.522	20.104	0.013	0.012	0.018	0.970009304	6447483378	19217367756	76.9080401	-67.45938869
33347	21.842	21.49	21.058	0.003	0.007	0.017	5.967238503	444.0872527	1279.262267	76.90927842	-67.45953751
33367	20.3	19.996	19.587	0.012	0.007	0.013	6.695008039	51.80095423	148.4667066	76.90306459	-67.45807263
33447	21.513	21.211	20.847	0.011	0.011	0.022	2.362143474	22648.09207	66874.31534	76.88577506	-67.45396273
33461	21.258	20.994	20.632	0.003	0.013	0.008	5.189316449	386.5022485	1119.393096	76.89650501	-67.45644832
33558	20.055	19.193	18.184	0.009	0.017	0.01	8.296267795	24.96386821	70.74946591	76.89310968	-67.45556926
33682	21.53	21.228	20.822	0.01	0.007	0.013	0.43215229	22675669436	67831021458	76.89059581	-67.45484521
33766	19.057	17.942	16.665	0.004	0.025	0.01	6.828794615	48.01790359	137.4956227	76.90393465	-67.45785801
34133	20.619	20.274	19.839	0.011	0.007	0.008	6.513222764	167.3501079	480.2505531	76.89710242	-67.45587523
34406	21.342	21.018	20.644	0.012	0.009	0.002	6.517305218	242.2832362	695.2690327	76.90184527	-67.45669404
34667	20.042	19.101	18.005	0.01	0.006	0.002	8.09707841	28.24844514	80.17073791	76.8963022	-67.45513681
34660	20.004	19.156	18.136	0.023	0.006	0.013	6.284246763	93.33109099	268.2629608	76.90386201	-67.45691017
34669	21.283	21.024	20.654	0.006	0.031	0.006	6.814551244	198.6501377	568.8761823	76.9099179	-67.45829979
34677	19.886	19.709	19.497	0.006	0.016	0.017	3.991585811	106.9626488	312.3489347	76.90882088	-67.4580403
34802	19.963	19.117	18.101	0.008	0.011	0.009	5.801604887	106.9082036	308.3198276	76.89133205	-67.45383318
34898	21.487	21.19	20.774	0.011	0.018	0.007	7.984900949	150.5052949	427.4804873	76.89824491	-67.45534591
34972	19.796	18.805	17.685	0.006	0.01	0.01	7.541942293	8.786979919	25.03552185	76.90092067	-67.45589471
35372	19.926	19.086	18.077	0.01	0.008	0.017	7.929128736	20.68920539	58.7866687	76.90547457	-67.45650739
35939	21.181	20.895	20.546	0.014	0.008	0.019	0.912882846	54239858521	1.61729E+11	76.91051725	-67.45700341
35993	18.971	17.835	16.514	0.005	0.023	0.006	5.196897016	116.1831615	336.473646	76.91204749	-67.45728457
37054	21.111	20.834	20.456	0.007	0.008	0.01	3.550112726	257.9951971	755.6673505	76.90334715	-67.45390588
38002	20.026	19.17	18.121	0.008	0.009	0.014	5.394263632	117.8477665	340.829261	76.9078795	-67.45368248